ADD
00000000
      0000 0000 0000 0000 0000 0000 0010 0000
      00000020
SUB
00000000
      0000 0000 0000 0000 0000 0000 0010 0010
      00000022
AND
00000000
      0000 0000 0000 0000 0000 0000 0010 0100 
      00000024
OR
00000000 
      0000 0000 0000 0000 0000 0000 0010 0101
      00000025
BEQ
00000000
      0001 0000 0000 0000 0000 0000 0000 0000
      10000000
J
00000000
      0000 1000 0000 0000 0000 0000 0000 0000
      08000000
ADDI
00000000
      0010 0000 0000 0000 0000 0000 0000 0000
      20000000
LW
00000000
      1000 1100 0000 0000 0000 0000 0000 0000 
      8C000000
SW


00000000
      1010 1100 0000 0000 0000 0000 0000 0000 
      AC000000

00000020 00000022 00000024 00000025 00000018 10000000 08000000 20000000 8C000000 AC000000

TEST
ADD 
0000 0000 0000 0001 0001 0000 0010 0000
00011020
add $2,$0,$1

SUB
0000 0000 0000 0001 0001 0000 0010 0010
00011022
sub $2,$0,$1

ADDI
0010 0000 0000 0001 0000 0000 0000 0010
20010002
addi $1,$0,2

LW 
1000 1100 0100 0000 0000 0000 0000 0000
8c400000
lw $0,0($2)

SW
1010 1100 0100 0000 0000 0000 0000 0000
ac400000
sw $0,0($2)

JUMP
0000 1000 0000 0000 0000 0000 0000 0011
08000003
j 3

BRANCH
0001 0000 0000 0001 0000 0000 0000 0100
10010004
beq $0,$1,4

Para editar la memoria de registros manualmente hay que darle doble click a la cajita de registro que esta en el "main".
